Date,Time,Input Voltage (V),Output Voltage (V),Output Load (%),Input Frequency (Hertz),Battery Voltage (VDC),UPS Internal Temperature (Celsius),EMP Temperature (Celsius),EMP Humidity (%)
06/28/2019,02:44:42,231,229,037,50.0,78.0,026
06/28/2019,02:45:42,232,230,037,50.0,78.0,026
06/28/2019,02:46:43,231,230,037,49.0,78.0,026
06/28/2019,02:47:43,231,230,036,50.0,78.0,026
06/28/2019,02:48:44,231,229,037,50.0,78.0,026
06/28/2019,02:49:45,231,229,037,50.0,78.0,027
06/28/2019,02:50:45,231,229,037,50.0,78.0,027
06/28/2019,02:51:46,232,229,037,50.0,78.0,026
06/28/2019,02:52:46,231,229,037,50.0,78.0,027
06/28/2019,02:53:48,231,230,037,50.0,78.0,027
06/28/2019,02:54:47,231,230,036,50.0,78.0,027
06/28/2019,02:55:48,232,229,036,50.0,78.0,027
06/28/2019,02:56:48,231,230,037,49.0,78.0,027
06/28/2019,02:57:49,231,230,037,50.0,78.0,026
06/28/2019,02:58:49,231,229,036,50.0,78.0,027
06/28/2019,02:59:50,231,229,037,50.0,78.0,027
06/28/2019,03:00:50,231,229,038,49.0,78.0,027
06/28/2019,03:01:52,231,229,037,50.0,78.0,027
06/28/2019,03:02:51,232,230,037,49.0,78.0,027
06/28/2019,03:03:52,232,230,037,49.0,78.0,027
06/28/2019,03:04:52,232,230,037,49.0,78.0,027
06/28/2019,03:05:54,232,230,038,49.0,78.0,027
06/28/2019,03:06:53,232,229,037,50.0,78.0,027
06/28/2019,03:07:53,232,230,037,50.0,78.0,027
06/28/2019,03:08:54,232,230,038,49.0,78.0,027
06/28/2019,03:09:56,232,230,037,49.0,78.0,027
06/28/2019,03:10:55,232,229,037,49.0,78.0,027
06/28/2019,03:11:57,232,230,037,49.0,78.0,027
06/28/2019,03:12:56,232,229,037,50.0,78.0,027
06/28/2019,03:13:58,231,229,037,50.0,78.0,027
06/28/2019,03:14:58,231,230,037,50.0,78.0,027
06/28/2019,03:15:59,232,230,037,50.0,78.0,027
06/28/2019,03:16:59,232,230,037,50.0,78.0,027
06/28/2019,03:17:59,232,229,037,50.0,78.0,027
06/28/2019,03:18:59,232,230,037,50.0,78.0,027
06/28/2019,03:20:01,231,229,037,50.0,78.0,027
06/28/2019,03:21:00,232,230,037,50.0,78.0,027
06/28/2019,03:22:01,232,229,037,50.0,78.0,027
06/28/2019,03:23:01,232,230,037,50.0,78.0,027
06/28/2019,03:24:02,232,230,037,50.0,78.0,027
06/28/2019,03:25:02,232,229,037,50.0,78.0,027
06/28/2019,03:26:02,230,229,037,50.0,78.0,027
06/28/2019,03:27:04,230,230,037,50.0,78.0,027
06/28/2019,03:28:05,232,229,036,50.0,78.0,027
06/28/2019,03:29:05,232,229,037,50.0,78.0,027
06/28/2019,03:30:05,231,230,039,50.0,78.0,027
06/28/2019,03:31:05,231,230,037,50.0,78.0,027
06/28/2019,03:32:07,231,230,038,50.0,78.0,027
06/28/2019,03:33:06,232,230,037,50.0,78.0,027
06/28/2019,03:34:07,232,229,037,50.0,78.0,027
06/28/2019,03:35:07,231,230,037,50.0,78.0,027
06/28/2019,03:36:08,232,229,037,50.0,78.0,027
06/28/2019,03:37:08,232,229,037,50.0,78.0,027
06/28/2019,03:38:09,231,230,037,50.0,78.0,027
06/28/2019,03:39:09,231,230,037,50.0,78.0,027
06/28/2019,03:40:11,231,230,037,50.0,78.0,027
06/28/2019,03:41:11,229,230,038,50.0,78.0,027
06/28/2019,03:42:11,232,229,038,50.0,78.0,027
06/28/2019,03:43:12,232,230,037,50.0,78.0,027
06/28/2019,03:44:13,231,229,038,50.0,78.0,027
06/28/2019,03:45:12,232,230,037,50.0,78.0,027
06/28/2019,03:46:13,231,230,037,50.0,78.0,027
06/28/2019,03:47:13,231,230,037,50.0,78.0,027
06/28/2019,03:48:15,231,230,037,50.0,78.0,027
06/28/2019,03:49:14,231,229,037,50.0,78.0,027
06/28/2019,03:50:15,231,230,037,50.0,78.0,027
06/28/2019,03:51:15,231,229,037,50.0,78.0,027
06/28/2019,08:27:28,231,230,038,50.0,78.0,027
06/28/2019,03:53:17,231,229,038,50.0,78.0,027
06/28/2019,03:54:17,231,230,037,50.0,78.0,027
06/28/2019,03:55:18,230,229,037,50.0,78.0,027
06/28/2019,03:56:19,231,229,038,49.0,78.0,027
06/28/2019,03:57:18,231,230,038,49.0,78.0,027
06/28/2019,03:58:19,231,230,037,50.0,78.0,027
06/28/2019,03:59:19,230,229,037,49.0,78.0,027
06/28/2019,04:00:21,231,230,037,50.0,78.0,027
06/28/2019,04:01:20,231,229,037,49.0,78.0,027
06/28/2019,04:02:21,231,230,037,50.0,78.0,027
06/28/2019,04:03:21,231,230,037,49.0,78.0,027
06/28/2019,04:04:22,230,229,037,50.0,78.0,027
06/28/2019,04:05:23,231,229,037,50.0,78.0,027
06/28/2019,04:06:24,231,229,038,49.0,78.0,027
06/28/2019,04:07:24,230,229,037,49.0,78.0,027
06/28/2019,04:08:25,229,230,037,49.0,78.0,027
06/28/2019,04:09:25,231,230,037,49.0,78.0,027
06/28/2019,04:10:26,231,230,037,50.0,78.0,027
06/28/2019,04:11:26,231,229,037,50.0,78.0,027
06/28/2019,04:12:26,231,230,038,49.0,78.0,027
06/28/2019,04:13:26,232,229,037,49.0,78.0,027
06/28/2019,04:14:28,231,230,037,50.0,78.0,027
06/28/2019,04:15:27,231,229,037,50.0,78.0,027
06/28/2019,04:16:28,231,229,038,50.0,78.0,027
06/28/2019,04:17:29,231,230,037,50.0,78.0,027
06/28/2019,04:18:30,231,229,038,49.0,78.0,027
06/28/2019,04:19:30,231,229,037,50.0,78.0,027
06/28/2019,04:20:30,231,230,037,50.0,78.0,027
06/28/2019,04:21:31,231,230,037,50.0,78.0,027
06/28/2019,04:22:31,231,230,037,50.0,78.0,027
06/28/2019,04:23:32,231,230,038,50.0,78.0,027
06/28/2019,04:24:32,231,230,037,50.0,78.0,027
06/28/2019,04:25:32,231,230,037,50.0,78.0,027
06/28/2019,04:26:33,232,230,037,50.0,78.0,027
06/28/2019,04:27:33,231,229,038,50.0,78.0,027
06/28/2019,04:28:34,231,230,037,50.0,78.0,027
06/28/2019,04:29:34,231,229,037,50.0,78.0,027
06/28/2019,04:30:35,231,229,039,50.0,78.0,027
06/28/2019,04:31:35,231,230,039,50.0,78.0,027
06/28/2019,04:32:36,231,229,039,50.0,78.0,027
06/28/2019,04:33:37,229,229,039,50.0,78.0,027
06/28/2019,04:34:37,231,230,037,50.0,78.0,027
06/28/2019,04:35:38,231,230,038,50.0,78.0,027
06/28/2019,04:36:38,231,229,037,50.0,78.0,027
06/28/2019,04:37:39,231,229,038,50.0,78.0,027
06/28/2019,04:38:39,231,229,038,50.0,78.0,027
06/28/2019,04:39:39,232,229,037,49.0,78.0,027
06/28/2019,04:40:40,231,230,038,50.0,78.0,027
06/28/2019,04:41:40,232,230,038,50.0,78.0,027
06/28/2019,04:42:42,231,230,038,50.0,78.0,027
06/28/2019,04:43:42,232,229,037,50.0,78.0,027
06/28/2019,04:44:43,231,230,037,50.0,78.0,026
06/28/2019,04:45:43,231,230,037,50.0,78.0,026
06/28/2019,04:46:43,231,230,038,50.0,78.0,026
06/28/2019,04:47:44,231,230,038,50.0,78.0,026
06/28/2019,04:48:44,231,230,037,50.0,78.0,026
06/28/2019,04:49:45,231,229,038,49.0,78.0,026
06/28/2019,04:50:45,231,230,037,50.0,78.0,026
06/28/2019,04:51:45,231,230,037,50.0,78.0,026
06/28/2019,04:52:46,231,230,037,50.0,78.0,026
06/28/2019,04:53:46,231,230,037,49.0,78.0,026
06/28/2019,04:54:47,231,229,037,50.0,78.0,026
06/28/2019,04:55:48,231,229,037,49.0,78.0,027
06/28/2019,04:56:48,231,230,037,50.0,78.0,026
06/28/2019,04:57:49,231,230,037,49.0,78.0,026
06/28/2019,04:58:49,231,230,038,50.0,78.0,026
06/28/2019,04:59:50,231,230,038,50.0,78.0,026
06/28/2019,05:00:50,231,229,039,50.0,78.0,026
06/28/2019,05:01:51,231,229,038,50.0,78.0,027
06/28/2019,05:02:51,231,230,038,50.0,78.0,027
06/28/2019,05:03:51,231,230,037,50.0,78.0,026
06/28/2019,05:04:52,231,229,038,50.0,78.0,027
06/28/2019,05:05:53,231,230,037,50.0,78.0,027
06/28/2019,05:06:53,231,230,037,50.0,78.0,027
06/28/2019,05:07:54,231,230,037,49.0,78.0,027
06/28/2019,05:08:54,231,229,038,50.0,78.0,027
06/28/2019,05:09:55,229,230,037,50.0,78.0,027
06/28/2019,05:10:56,231,229,038,50.0,78.0,027
06/28/2019,05:11:56,231,230,038,50.0,78.0,027
06/28/2019,05:12:56,231,229,038,50.0,78.0,027
06/28/2019,05:13:57,231,230,038,50.0,78.0,027
06/28/2019,05:14:57,231,230,038,50.0,78.0,027
06/28/2019,05:15:58,231,230,037,50.0,78.0,027
06/28/2019,05:16:58,231,230,037,50.0,78.0,027
06/28/2019,05:17:59,231,229,037,50.0,78.0,027
06/28/2019,05:18:59,231,230,037,50.0,78.0,027
06/28/2019,05:19:59,231,229,038,50.0,78.0,027
06/28/2019,05:21:01,231,229,038,50.0,78.0,027
06/28/2019,05:22:00,231,230,038,50.0,78.0,027
06/28/2019,05:23:02,231,230,038,50.0,78.0,027
06/28/2019,05:24:02,231,230,037,49.0,78.0,027
06/28/2019,05:25:02,230,229,038,49.0,78.0,027
06/28/2019,05:26:03,231,230,038,50.0,78.0,027
06/28/2019,05:27:03,231,230,038,49.0,78.0,027
06/28/2019,05:28:04,231,229,038,50.0,78.0,027
06/28/2019,05:29:04,231,230,037,50.0,78.0,027
06/28/2019,05:30:05,230,230,039,50.0,78.0,027
06/28/2019,05:31:05,230,230,038,50.0,78.0,027
06/28/2019,05:32:06,230,230,039,50.0,78.0,027
06/28/2019,05:33:06,230,229,039,50.0,78.0,027
06/28/2019,05:34:07,231,229,037,50.0,78.0,027
06/28/2019,05:35:07,230,229,038,50.0,78.0,027
06/28/2019,05:36:08,231,229,038,50.0,78.0,027
06/28/2019,05:37:09,231,229,038,49.0,78.0,027
06/28/2019,05:38:09,230,230,039,50.0,78.0,027
06/28/2019,05:39:10,231,230,037,50.0,78.0,027
06/28/2019,05:40:10,231,229,037,50.0,78.0,027
06/28/2019,05:41:10,230,229,038,49.0,78.0,027
06/28/2019,05:42:11,230,229,038,50.0,78.0,027
06/28/2019,05:43:11,230,230,038,50.0,78.0,027
06/28/2019,05:44:12,229,229,038,50.0,78.0,026
06/28/2019,05:45:12,229,229,038,50.0,78.0,027
06/28/2019,05:46:13,229,230,038,50.0,78.0,027
06/28/2019,05:47:13,230,229,038,50.0,78.0,027
06/28/2019,05:48:14,230,230,038,50.0,78.0,026
06/28/2019,05:49:15,230,229,038,50.0,78.0,026
06/28/2019,05:50:15,230,230,038,50.0,78.0,026
06/28/2019,05:51:16,230,230,038,50.0,78.0,026
06/28/2019,05:52:16,230,230,037,50.0,78.0,026
06/28/2019,05:53:16,230,229,038,50.0,78.0,026
06/28/2019,05:54:17,230,230,038,50.0,78.0,026
06/28/2019,05:55:17,230,229,038,50.0,78.0,026
06/28/2019,05:56:18,230,229,038,50.0,78.0,026
06/28/2019,05:57:18,230,230,038,50.0,78.0,026
06/28/2019,05:58:18,230,230,038,50.0,78.0,026
06/28/2019,05:59:19,229,229,038,50.0,78.0,026
06/28/2019,06:00:20,229,230,038,50.0,78.0,026
06/28/2019,06:01:21,229,229,039,50.0,78.0,026
06/28/2019,06:02:21,228,230,039,50.0,78.0,026
06/28/2019,06:03:22,226,229,038,50.0,78.0,026
06/28/2019,06:04:22,228,229,039,50.0,78.0,026
06/28/2019,06:05:23,227,230,038,50.0,78.0,026
06/28/2019,06:06:23,228,229,038,50.0,78.0,026
06/28/2019,06:07:24,228,229,039,50.0,78.0,026
06/28/2019,06:08:24,227,229,038,50.0,78.0,026
06/28/2019,06:09:24,228,230,037,50.0,78.0,026
06/28/2019,06:10:25,228,230,038,50.0,78.0,026
06/28/2019,06:11:25,228,229,038,50.0,78.0,026
06/28/2019,06:12:26,228,230,038,50.0,78.0,026
06/28/2019,06:13:27,228,229,038,50.0,78.0,026
06/28/2019,06:14:27,227,229,038,50.0,78.0,026
06/28/2019,06:15:28,229,230,038,50.0,78.0,026
06/28/2019,06:16:28,228,230,038,50.0,78.0,026
06/28/2019,06:17:29,229,230,037,50.0,78.0,027
06/28/2019,06:18:29,229,229,038,50.0,78.0,027
06/28/2019,06:19:30,229,230,038,50.0,78.0,027
06/28/2019,06:20:30,229,230,038,50.0,78.0,027
06/28/2019,06:21:30,228,230,038,50.0,78.0,027
06/28/2019,06:22:31,228,230,038,50.0,78.0,027
06/28/2019,06:23:31,228,230,038,50.0,78.0,027
06/28/2019,06:24:32,228,229,038,49.0,78.0,027
06/28/2019,06:25:32,228,230,038,49.0,78.0,027
06/28/2019,06:26:34,228,230,038,50.0,78.0,027
06/28/2019,06:27:34,230,230,038,49.0,78.0,027
06/28/2019,06:28:35,230,230,038,50.0,78.0,027
06/28/2019,06:29:35,230,230,038,50.0,78.0,027
06/28/2019,06:30:35,230,230,038,50.0,78.0,027
06/28/2019,06:31:36,230,229,038,50.0,78.0,027
06/28/2019,06:32:36,229,230,038,50.0,78.0,027
06/28/2019,06:33:37,230,229,038,49.0,78.0,027
06/28/2019,06:34:37,229,229,038,49.0,78.0,027
06/28/2019,06:35:37,229,229,038,50.0,78.0,027
06/28/2019,06:36:38,229,230,038,50.0,78.0,027
06/28/2019,06:37:38,229,229,038,49.0,78.0,027
06/28/2019,06:38:40,229,229,038,49.0,78.0,027
06/28/2019,06:39:40,229,230,039,49.0,78.0,027
06/28/2019,06:40:41,230,229,038,50.0,78.0,027
06/28/2019,06:41:41,230,229,038,50.0,78.0,027
06/28/2019,06:42:41,230,230,038,49.0,78.0,027
06/28/2019,06:43:42,230,230,037,49.0,78.0,027
06/28/2019,06:44:42,230,229,038,50.0,78.0,026
06/28/2019,06:45:43,230,230,038,50.0,78.0,026
06/28/2019,06:46:43,230,229,038,49.0,78.0,026
06/28/2019,06:47:43,229,229,038,49.0,78.0,026
06/28/2019,06:48:44,229,229,038,50.0,78.0,026
06/28/2019,06:49:44,229,229,038,50.0,78.0,026
06/28/2019,06:50:45,228,229,038,49.0,78.0,026
06/28/2019,06:51:46,229,229,039,50.0,78.0,026
06/28/2019,06:52:47,227,230,038,50.0,78.0,026
06/28/2019,06:53:47,227,229,039,49.0,78.0,026
06/28/2019,06:54:48,229,230,039,50.0,78.0,026
06/28/2019,06:55:48,228,230,039,50.0,78.0,026
06/28/2019,06:56:48,228,229,038,50.0,78.0,026
06/28/2019,06:57:49,228,230,038,50.0,78.0,026
06/28/2019,06:58:49,228,230,038,50.0,78.0,026
06/28/2019,06:59:50,228,229,038,50.0,78.0,026
06/28/2019,07:00:50,228,230,038,50.0,78.0,026
06/28/2019,07:01:51,228,230,037,50.0,78.0,027
06/28/2019,07:02:51,228,229,038,50.0,78.0,027
06/28/2019,07:03:52,228,230,038,50.0,78.0,027
06/28/2019,07:04:53,227,229,039,50.0,78.0,027
06/28/2019,07:05:53,227,229,038,50.0,78.0,027
06/28/2019,07:06:54,227,230,038,50.0,78.0,027
06/28/2019,07:07:54,227,230,038,50.0,78.0,027
06/28/2019,07:08:54,227,230,038,50.0,78.0,027
06/28/2019,07:09:55,227,229,038,49.0,78.0,027
06/28/2019,07:10:55,227,230,038,50.0,78.0,027
06/28/2019,07:11:56,228,229,038,50.0,78.0,027
06/28/2019,07:12:56,227,230,038,50.0,78.0,027
06/28/2019,07:13:57,227,230,038,49.0,78.0,027
06/28/2019,07:14:57,227,230,038,49.0,78.0,027
06/28/2019,07:15:58,225,229,038,50.0,78.0,027
06/28/2019,07:16:59,225,230,038,50.0,78.0,027
06/28/2019,07:17:59,225,230,038,49.0,78.0,027
06/28/2019,07:19:01,226,229,038,49.0,78.0,027
06/28/2019,07:20:00,225,229,039,49.0,78.0,027
06/28/2019,07:21:00,227,230,038,49.0,78.0,027
06/28/2019,07:22:01,227,229,038,50.0,78.0,026
06/28/2019,07:23:03,226,229,038,50.0,78.0,026
06/28/2019,07:24:02,227,230,038,50.0,78.0,026
06/28/2019,07:25:02,222,230,038,49.0,78.0,026
06/28/2019,07:26:03,224,229,038,49.0,78.0,026
06/28/2019,07:27:04,227,230,038,49.0,78.0,026
06/28/2019,07:28:04,227,229,038,49.0,78.0,026
06/28/2019,07:29:05,227,230,040,49.0,78.0,026
06/28/2019,07:30:05,226,229,037,49.0,78.0,026
06/28/2019,07:31:07,227,229,039,50.0,78.0,026
06/28/2019,07:32:06,225,229,038,49.0,78.0,026
06/28/2019,07:33:07,223,229,038,49.0,78.0,026
06/28/2019,07:34:07,224,230,038,49.0,78.0,026
06/28/2019,07:35:09,224,229,038,49.0,78.0,026
06/28/2019,07:36:08,222,230,038,49.0,78.0,026
06/28/2019,07:37:08,220,230,038,49.0,78.0,026
06/28/2019,07:38:09,219,230,038,50.0,78.0,026
06/28/2019,07:39:10,225,229,039,49.0,78.0,026
06/28/2019,09:27:29,225,229,038,49.0,78.0,027
06/28/2019,07:41:12,225,229,038,49.0,78.0,027
06/28/2019,07:42:11,225,230,038,49.0,78.0,027
06/28/2019,07:43:13,226,229,039,50.0,78.0,027
06/28/2019,07:44:12,226,230,038,49.0,78.0,027
06/28/2019,07:45:14,225,230,039,49.0,78.0,027
06/28/2019,07:46:13,225,230,038,49.0,78.0,027
06/28/2019,07:47:14,224,229,038,50.0,78.0,027
06/28/2019,07:48:14,225,230,039,50.0,78.0,027
06/28/2019,07:49:15,225,229,039,50.0,78.0,027
06/28/2019,07:50:15,225,230,038,50.0,78.0,027
06/28/2019,07:51:15,224,229,038,50.0,78.0,027
06/28/2019,07:52:16,223,229,038,50.0,78.0,027
06/28/2019,07:53:18,224,229,039,50.0,78.0,027
06/28/2019,07:54:17,224,230,039,50.0,78.0,027
06/28/2019,07:55:18,222,230,038,50.0,78.0,027
06/28/2019,07:56:19,222,229,038,50.0,78.0,027
06/28/2019,07:57:20,223,230,038,50.0,78.0,027
06/28/2019,07:58:19,221,230,038,50.0,78.0,027
06/28/2019,07:59:20,221,229,038,50.0,78.0,027
06/28/2019,08:00:20,222,230,039,50.0,78.0,027
06/28/2019,08:01:20,222,229,038,50.0,78.0,027
06/28/2019,08:02:21,223,229,038,50.0,78.0,027
06/28/2019,08:03:23,223,230,038,50.0,78.0,027
06/28/2019,08:04:23,222,230,038,50.0,78.0,026
06/28/2019,08:05:23,222,230,038,50.0,78.0,026
06/28/2019,08:06:23,221,230,038,50.0,78.0,026
06/28/2019,08:07:25,221,229,038,50.0,78.0,026
06/28/2019,08:08:24,221,230,038,50.0,78.0,026
06/28/2019,08:09:24,221,230,038,49.0,78.0,026
06/28/2019,08:10:25,217,229,038,50.0,78.0,026
06/28/2019,08:11:27,221,229,039,50.0,78.0,026
06/28/2019,08:12:27,220,229,038,49.0,78.0,026
06/28/2019,08:13:27,220,229,039,49.0,78.0,026
06/28/2019,08:14:27,221,229,039,49.0,78.0,026
06/28/2019,08:15:29,221,229,039,50.0,78.0,026
06/28/2019,08:16:28,219,229,039,50.0,78.0,026
06/28/2019,08:17:29,222,229,038,50.0,78.0,026
06/28/2019,08:18:29,220,229,039,49.0,78.0,026
06/28/2019,08:19:30,218,230,038,50.0,78.0,026
06/28/2019,08:20:31,218,230,038,50.0,78.0,026
06/28/2019,08:21:31,222,229,039,50.0,78.0,026
06/28/2019,08:22:31,221,229,039,50.0,78.0,026
06/28/2019,08:23:32,220,230,038,49.0,78.0,027
06/28/2019,08:24:32,220,229,038,50.0,78.0,027
06/28/2019,08:25:33,221,230,039,50.0,78.0,027
06/28/2019,08:26:33,221,229,038,49.0,78.0,027
