Date,Time,Input Voltage (V),Output Voltage (V),Output Load (%),Input Frequency (Hertz),Battery Voltage (VDC),UPS Internal Temperature (Celsius),EMP Temperature (Celsius),EMP Humidity (%)
09/26/2019,02:46:35,229,230,038,50.0,77.0,027
09/26/2019,02:47:35,229,230,037,50.0,77.0,027
09/26/2019,02:48:36,229,229,038,49.0,77.0,027
09/26/2019,02:49:37,229,230,038,50.0,77.0,027
09/26/2019,02:50:37,229,230,038,49.0,77.0,027
09/26/2019,02:51:38,229,229,038,49.0,77.0,026
09/26/2019,02:52:38,229,229,038,50.0,77.0,026
09/26/2019,02:53:39,229,230,038,49.0,77.0,026
09/26/2019,02:54:39,229,229,038,50.0,77.0,026
09/26/2019,02:55:40,229,230,037,50.0,77.0,027
09/26/2019,02:56:40,229,230,038,49.0,77.0,027
09/26/2019,02:57:40,228,230,038,50.0,77.0,027
09/26/2019,02:58:41,229,229,038,50.0,77.0,027
09/26/2019,02:59:41,228,230,037,49.0,77.0,027
09/26/2019,03:00:42,229,229,038,49.0,77.0,027
09/26/2019,03:01:42,229,229,038,49.0,77.0,027
09/26/2019,03:02:43,229,230,038,49.0,77.0,027
09/26/2019,03:03:43,229,230,037,49.0,77.0,027
09/26/2019,03:04:45,229,230,038,49.0,77.0,027
09/26/2019,03:05:45,229,230,038,49.0,77.0,026
09/26/2019,03:06:45,229,230,037,49.0,77.0,026
09/26/2019,03:07:46,229,229,038,49.0,77.0,026
09/26/2019,03:08:46,229,229,037,49.0,77.0,027
09/26/2019,03:09:47,229,230,037,49.0,77.0,027
09/26/2019,03:10:47,229,229,037,50.0,77.0,027
09/26/2019,03:11:48,229,230,037,49.0,77.0,027
09/26/2019,03:12:48,229,230,037,50.0,77.0,027
09/26/2019,03:13:48,229,229,037,50.0,77.0,027
09/26/2019,03:14:49,229,230,037,50.0,77.0,027
09/26/2019,03:15:49,229,229,038,50.0,77.0,027
09/26/2019,03:16:50,229,229,038,50.0,77.0,027
09/26/2019,03:17:51,230,230,038,50.0,77.0,027
09/26/2019,03:18:51,230,229,037,50.0,77.0,026
09/26/2019,03:19:52,229,230,037,49.0,77.0,026
09/26/2019,03:20:52,229,229,038,49.0,77.0,026
09/26/2019,03:21:53,229,230,038,50.0,77.0,026
09/26/2019,03:22:53,229,229,037,50.0,77.0,027
09/26/2019,03:23:54,229,230,038,50.0,77.0,027
09/26/2019,03:24:54,229,229,038,50.0,77.0,027
09/26/2019,03:25:54,229,229,038,49.0,77.0,027
09/26/2019,03:26:55,229,230,038,50.0,77.0,027
09/26/2019,03:27:56,229,229,038,49.0,77.0,027
09/26/2019,03:28:56,229,230,038,50.0,77.0,027
09/26/2019,03:29:57,229,230,037,50.0,77.0,027
09/26/2019,03:30:58,229,229,038,50.0,77.0,027
09/26/2019,03:31:58,230,230,038,49.0,77.0,027
09/26/2019,03:32:59,229,229,038,49.0,77.0,027
09/26/2019,03:33:59,229,230,038,50.0,77.0,026
09/26/2019,03:34:59,229,230,038,49.0,77.0,026
09/26/2019,03:36:00,229,230,038,50.0,77.0,027
09/26/2019,03:37:00,229,230,038,49.0,77.0,027
09/26/2019,03:38:01,229,229,038,49.0,77.0,027
09/26/2019,03:39:01,229,229,038,49.0,77.0,027
09/26/2019,03:40:01,229,229,038,50.0,77.0,027
09/26/2019,03:41:02,229,230,038,50.0,77.0,027
09/26/2019,03:42:02,229,230,038,50.0,77.0,027
09/26/2019,03:43:04,229,230,038,49.0,77.0,027
09/26/2019,03:44:04,229,230,038,50.0,77.0,027
09/26/2019,03:45:05,228,230,037,49.0,77.0,027
09/26/2019,03:46:05,229,230,038,49.0,77.0,027
09/26/2019,03:47:05,229,229,037,49.0,77.0,027
09/26/2019,03:48:06,229,230,037,49.0,77.0,026
09/26/2019,03:49:06,229,230,038,50.0,77.0,027
09/26/2019,03:50:07,229,230,038,50.0,77.0,027
09/26/2019,03:51:07,229,230,037,49.0,77.0,027
09/26/2019,03:52:07,229,230,038,50.0,77.0,027
09/26/2019,03:53:08,229,229,037,49.0,77.0,027
09/26/2019,03:54:08,229,230,038,49.0,77.0,027
09/26/2019,03:55:10,229,230,037,49.0,77.0,027
09/26/2019,03:56:10,229,229,038,50.0,77.0,027
09/26/2019,03:57:11,229,229,037,49.0,77.0,027
09/26/2019,03:58:11,229,229,038,50.0,77.0,027
09/26/2019,03:59:12,229,229,038,50.0,77.0,027
09/26/2019,04:00:12,229,230,038,50.0,77.0,026
09/26/2019,04:01:12,229,230,038,49.0,77.0,026
09/26/2019,04:02:13,229,230,037,49.0,77.0,026
09/26/2019,04:03:13,229,230,038,49.0,77.0,027
09/26/2019,04:04:14,229,229,037,50.0,77.0,027
09/26/2019,04:05:14,229,229,037,50.0,77.0,027
09/26/2019,04:06:15,229,229,038,49.0,77.0,027
09/26/2019,04:07:15,229,229,038,50.0,77.0,027
09/26/2019,04:08:16,229,230,037,50.0,77.0,027
09/26/2019,04:09:17,229,230,038,50.0,77.0,027
09/26/2019,04:10:17,229,229,038,50.0,77.0,027
09/26/2019,04:11:18,229,229,038,50.0,77.0,027
09/26/2019,04:12:18,229,229,038,49.0,77.0,027
09/26/2019,04:13:18,229,230,037,49.0,77.0,027
09/26/2019,04:14:19,229,229,038,50.0,77.0,026
09/26/2019,04:15:19,229,230,038,50.0,77.0,027
09/26/2019,04:16:20,229,229,038,50.0,77.0,027
09/26/2019,04:17:20,229,230,038,50.0,77.0,027
09/26/2019,04:18:21,229,230,038,50.0,77.0,027
09/26/2019,04:19:21,229,229,038,50.0,77.0,027
09/26/2019,04:20:22,229,230,037,49.0,77.0,027
09/26/2019,04:21:23,229,230,037,49.0,77.0,027
09/26/2019,04:22:23,229,229,038,50.0,77.0,027
09/26/2019,04:23:24,229,230,037,50.0,77.0,027
09/26/2019,04:24:24,229,230,037,50.0,77.0,027
09/26/2019,04:25:25,228,229,038,50.0,77.0,027
09/26/2019,04:26:25,229,230,038,50.0,77.0,027
09/26/2019,04:27:26,229,229,037,49.0,77.0,026
09/26/2019,04:28:26,229,230,038,50.0,77.0,026
09/26/2019,04:29:26,228,229,038,50.0,77.0,027
09/26/2019,04:30:27,229,229,039,50.0,77.0,027
09/26/2019,04:31:27,229,230,039,50.0,77.0,027
09/26/2019,04:32:28,226,230,038,49.0,77.0,027
09/26/2019,04:33:28,228,229,038,50.0,77.0,027
09/26/2019,04:34:29,229,229,038,50.0,77.0,027
09/26/2019,04:35:29,227,229,038,50.0,77.0,027
09/26/2019,04:36:30,229,229,038,49.0,77.0,027
09/26/2019,04:37:31,229,229,038,50.0,77.0,027
09/26/2019,04:38:31,229,229,038,50.0,77.0,027
09/26/2019,04:39:32,227,229,038,50.0,77.0,027
09/26/2019,04:40:32,229,230,038,50.0,77.0,027
09/26/2019,04:41:33,229,230,037,50.0,77.0,026
09/26/2019,04:42:33,229,229,038,50.0,77.0,026
09/26/2019,04:43:34,229,229,037,50.0,77.0,027
09/26/2019,04:44:34,229,229,038,49.0,77.0,027
09/26/2019,04:45:34,229,230,038,50.0,77.0,027
09/26/2019,04:46:35,229,230,037,49.0,77.0,027
09/26/2019,04:47:35,229,229,038,49.0,77.0,027
09/26/2019,04:48:36,228,230,038,50.0,77.0,027
09/26/2019,04:49:37,229,230,038,50.0,77.0,027
09/26/2019,04:50:37,228,229,038,50.0,77.0,027
09/26/2019,04:51:38,228,229,037,49.0,77.0,027
09/26/2019,04:52:38,228,229,038,50.0,77.0,027
09/26/2019,04:53:39,229,230,038,50.0,77.0,027
09/26/2019,04:54:39,229,230,038,50.0,77.0,026
09/26/2019,04:55:40,229,229,038,50.0,77.0,026
09/26/2019,04:56:40,229,229,038,50.0,77.0,026
09/26/2019,04:57:40,229,229,038,50.0,77.0,027
09/26/2019,04:58:41,228,229,038,50.0,77.0,027
09/26/2019,04:59:41,228,229,037,50.0,77.0,027
09/26/2019,05:00:42,228,230,038,50.0,77.0,027
09/26/2019,05:01:42,228,230,038,50.0,77.0,027
09/26/2019,05:02:43,228,230,038,50.0,77.0,027
09/26/2019,05:03:43,228,230,038,50.0,77.0,027
09/26/2019,05:04:45,228,230,038,50.0,77.0,027
09/26/2019,05:05:45,228,230,038,50.0,77.0,027
09/26/2019,05:06:45,228,230,038,50.0,77.0,027
09/26/2019,05:07:46,227,230,038,50.0,77.0,027
09/26/2019,05:08:46,228,229,038,50.0,77.0,027
09/26/2019,05:09:47,227,230,037,50.0,77.0,027
09/26/2019,05:10:47,228,230,038,50.0,77.0,027
09/26/2019,05:11:47,227,229,038,50.0,77.0,027
09/26/2019,05:12:48,228,230,038,50.0,77.0,027
09/26/2019,05:13:48,228,230,038,50.0,77.0,027
09/26/2019,05:14:50,227,230,038,50.0,77.0,027
09/26/2019,05:15:50,227,229,038,49.0,77.0,027
09/26/2019,05:16:51,227,230,038,50.0,77.0,027
09/26/2019,05:17:51,227,229,039,50.0,77.0,027
09/26/2019,05:18:51,227,230,038,50.0,77.0,027
09/26/2019,05:19:52,227,230,037,50.0,77.0,027
09/26/2019,05:20:52,225,229,038,50.0,77.0,027
09/26/2019,05:21:53,228,230,037,50.0,77.0,026
09/26/2019,05:22:53,227,230,038,49.0,77.0,027
09/26/2019,05:23:53,228,230,038,49.0,77.0,027
09/26/2019,05:24:54,228,229,038,49.0,77.0,027
09/26/2019,05:25:54,227,229,038,50.0,77.0,027
09/26/2019,05:26:55,228,230,038,49.0,77.0,027
09/26/2019,05:27:56,226,230,038,50.0,77.0,027
09/26/2019,05:28:56,227,230,038,50.0,77.0,027
09/26/2019,05:29:57,228,230,038,50.0,77.0,027
09/26/2019,05:30:58,227,230,038,50.0,77.0,027
09/26/2019,05:31:58,227,229,037,49.0,77.0,027
09/26/2019,05:32:59,227,230,038,49.0,77.0,027
09/26/2019,05:33:59,227,229,039,49.0,77.0,027
09/26/2019,05:34:59,227,230,038,49.0,77.0,027
09/26/2019,05:36:00,228,230,038,50.0,77.0,026
09/26/2019,05:37:00,227,229,038,49.0,77.0,027
09/26/2019,05:38:01,228,230,038,49.0,77.0,027
09/26/2019,05:39:01,228,229,038,49.0,77.0,027
09/26/2019,05:40:02,228,229,038,49.0,77.0,027
09/26/2019,05:41:02,227,230,038,49.0,77.0,027
09/26/2019,05:42:03,227,229,038,49.0,77.0,027
09/26/2019,05:43:04,227,230,038,50.0,77.0,027
09/26/2019,05:44:04,227,229,038,49.0,77.0,027
09/26/2019,05:45:05,227,230,037,50.0,77.0,027
09/26/2019,05:46:05,227,229,038,50.0,77.0,027
09/26/2019,05:47:05,227,230,038,50.0,77.0,027
09/26/2019,05:48:06,227,229,038,50.0,77.0,026
09/26/2019,05:49:06,227,230,038,50.0,77.0,026
09/26/2019,05:50:07,227,229,038,50.0,77.0,027
09/26/2019,05:51:07,227,230,038,49.0,77.0,027
09/26/2019,05:52:07,226,230,038,50.0,77.0,027
09/26/2019,05:53:09,227,229,038,49.0,77.0,027
09/26/2019,05:54:09,226,229,037,50.0,77.0,027
09/26/2019,05:55:10,226,229,038,49.0,77.0,027
09/26/2019,05:56:10,226,230,038,50.0,77.0,027
09/26/2019,05:57:11,226,230,038,50.0,77.0,027
09/26/2019,05:58:11,227,230,038,50.0,77.0,027
09/26/2019,05:59:12,226,229,038,50.0,77.0,027
09/26/2019,06:00:12,226,229,039,50.0,77.0,027
09/26/2019,06:01:12,226,230,038,50.0,77.0,027
09/26/2019,06:02:13,224,230,038,50.0,77.0,026
09/26/2019,06:03:13,224,230,039,50.0,77.0,027
09/26/2019,06:04:14,224,229,038,50.0,77.0,027
09/26/2019,06:05:14,224,229,038,50.0,77.0,027
09/26/2019,06:06:15,223,230,038,50.0,77.0,027
09/26/2019,06:07:15,225,230,038,50.0,77.0,027
09/26/2019,06:08:16,225,230,038,50.0,77.0,027
09/26/2019,06:09:17,225,230,038,49.0,77.0,027
09/26/2019,06:10:17,228,229,038,50.0,77.0,027
09/26/2019,06:11:18,228,229,038,49.0,77.0,027
09/26/2019,06:12:18,228,229,038,49.0,77.0,027
09/26/2019,06:13:18,228,230,038,50.0,77.0,027
09/26/2019,06:14:19,228,230,038,49.0,77.0,027
09/26/2019,06:15:20,228,230,038,49.0,77.0,027
09/26/2019,06:16:20,228,230,038,49.0,77.0,026
09/26/2019,06:17:20,228,229,038,50.0,77.0,026
09/26/2019,06:18:21,226,230,038,50.0,77.0,027
09/26/2019,06:19:21,228,230,037,50.0,77.0,027
09/26/2019,06:20:23,228,229,038,50.0,77.0,027
09/26/2019,06:21:23,229,230,038,50.0,77.0,027
09/26/2019,06:22:23,228,230,038,50.0,77.0,027
09/26/2019,06:23:24,225,230,038,50.0,77.0,027
09/26/2019,06:24:25,226,229,038,50.0,77.0,027
09/26/2019,06:25:25,227,230,038,50.0,77.0,027
09/26/2019,06:26:25,226,230,038,50.0,77.0,027
09/26/2019,06:27:26,227,230,038,50.0,77.0,027
09/26/2019,06:28:27,228,230,038,50.0,77.0,026
09/26/2019,06:29:26,228,229,038,50.0,77.0,026
09/26/2019,06:30:27,227,229,039,50.0,77.0,026
09/26/2019,06:31:27,227,229,038,50.0,77.0,027
09/26/2019,06:32:29,227,230,038,50.0,77.0,027
09/26/2019,06:33:28,227,230,038,50.0,77.0,027
09/26/2019,06:34:29,227,229,039,50.0,77.0,027
09/26/2019,06:35:29,227,230,037,49.0,77.0,027
09/26/2019,06:36:31,227,230,038,49.0,77.0,027
09/26/2019,06:37:31,227,229,038,49.0,77.0,027
09/26/2019,06:38:31,227,229,038,49.0,77.0,027
09/26/2019,06:39:32,228,229,038,49.0,77.0,027
09/26/2019,06:40:33,227,230,038,49.0,77.0,027
09/26/2019,06:41:33,227,229,038,49.0,77.0,027
09/26/2019,06:42:33,227,229,038,49.0,77.0,026
09/26/2019,06:43:34,227,230,038,49.0,77.0,026
09/26/2019,06:44:35,227,230,038,49.0,77.0,027
09/26/2019,06:45:34,227,230,038,49.0,77.0,027
09/26/2019,06:46:37,227,229,038,50.0,77.0,027
09/26/2019,06:47:35,225,229,038,49.0,77.0,027
09/26/2019,06:48:38,226,230,040,49.0,77.0,027
09/26/2019,06:49:37,227,229,039,49.0,77.0,027
09/26/2019,06:50:38,227,229,038,49.0,77.0,027
09/26/2019,06:51:38,227,229,039,50.0,77.0,027
09/26/2019,06:52:39,225,229,038,49.0,77.0,027
09/26/2019,06:53:39,226,230,039,49.0,77.0,027
09/26/2019,06:54:40,226,230,040,49.0,77.0,027
09/26/2019,06:55:40,227,229,038,49.0,77.0,026
09/26/2019,06:56:40,226,229,039,49.0,77.0,026
09/26/2019,06:57:40,227,229,039,49.0,77.0,027
09/26/2019,06:58:42,227,229,039,50.0,77.0,027
09/26/2019,06:59:42,227,229,039,50.0,77.0,027
09/26/2019,07:00:42,227,230,038,50.0,77.0,027
09/26/2019,07:01:43,226,229,039,50.0,77.0,027
09/26/2019,07:02:44,226,229,039,50.0,77.0,027
09/26/2019,07:03:44,226,230,039,50.0,77.0,027
09/26/2019,07:04:45,226,230,039,50.0,77.0,027
09/26/2019,07:05:45,226,230,038,50.0,77.0,027
09/26/2019,07:06:46,225,230,039,50.0,77.0,027
09/26/2019,07:07:46,225,230,038,50.0,77.0,027
09/26/2019,07:08:46,226,230,039,50.0,77.0,026
09/26/2019,07:09:47,225,229,038,50.0,77.0,026
09/26/2019,07:10:48,225,229,038,50.0,77.0,027
09/26/2019,07:11:47,225,229,039,50.0,77.0,027
09/26/2019,07:12:48,226,229,039,50.0,77.0,027
09/26/2019,07:13:48,225,230,038,49.0,77.0,027
09/26/2019,07:14:51,225,230,038,49.0,77.0,027
09/26/2019,07:15:50,225,230,039,50.0,77.0,027
09/26/2019,07:16:51,225,229,038,49.0,77.0,027
09/26/2019,07:17:51,225,229,038,49.0,77.0,027
09/26/2019,07:18:52,225,230,038,49.0,77.0,027
09/26/2019,07:19:52,224,230,038,49.0,77.0,027
09/26/2019,07:20:52,225,230,038,49.0,77.0,027
09/26/2019,07:21:53,224,229,039,49.0,77.0,026
09/26/2019,07:22:53,225,230,039,50.0,77.0,027
09/26/2019,07:23:53,225,230,038,50.0,77.0,027
09/26/2019,07:24:54,224,230,039,49.0,77.0,027
09/26/2019,07:25:54,222,230,038,49.0,77.0,027
09/26/2019,07:26:56,225,229,039,49.0,77.0,027
09/26/2019,07:27:56,225,229,038,49.0,77.0,027
09/26/2019,07:28:57,226,229,039,49.0,77.0,027
09/26/2019,07:29:57,226,229,039,49.0,77.0,027
09/26/2019,07:30:58,226,229,039,49.0,77.0,027
09/26/2019,07:31:58,226,230,038,49.0,77.0,027
09/26/2019,07:32:58,225,230,039,49.0,77.0,027
09/26/2019,07:33:59,225,230,039,49.0,77.0,027
09/26/2019,07:34:59,224,229,039,49.0,77.0,026
09/26/2019,07:36:00,225,230,038,49.0,77.0,026
09/26/2019,07:37:00,224,229,039,49.0,77.0,027
09/26/2019,07:38:01,226,230,038,50.0,77.0,027
09/26/2019,07:39:01,225,229,039,49.0,77.0,027
09/26/2019,07:40:02,226,229,039,49.0,77.0,027
09/26/2019,07:41:03,226,229,038,49.0,77.0,027
09/26/2019,07:42:03,227,229,039,49.0,77.0,027
09/26/2019,07:43:04,226,229,039,50.0,77.0,027
09/26/2019,07:44:04,226,229,040,49.0,77.0,027
09/26/2019,07:45:04,226,230,038,49.0,77.0,027
09/26/2019,07:46:05,226,229,039,49.0,77.0,027
09/26/2019,07:47:05,225,229,039,49.0,77.0,027
09/26/2019,07:48:06,226,230,039,50.0,77.0,027
09/26/2019,07:49:06,225,229,039,50.0,77.0,026
09/26/2019,07:50:07,225,230,039,49.0,77.0,027
09/26/2019,07:51:07,225,229,038,49.0,77.0,027
09/26/2019,07:52:08,225,230,040,49.0,77.0,027
09/26/2019,07:53:09,224,229,038,49.0,77.0,027
09/26/2019,07:54:09,224,230,039,49.0,77.0,027
09/26/2019,07:55:10,223,230,039,50.0,77.0,027
09/26/2019,07:56:10,224,229,039,50.0,77.0,027
09/26/2019,07:57:11,224,229,039,49.0,77.0,027
09/26/2019,07:58:11,224,230,039,50.0,77.0,027
09/26/2019,07:59:12,225,230,039,50.0,77.0,027
09/26/2019,08:00:12,225,230,040,50.0,77.0,027
09/26/2019,08:01:12,225,230,039,50.0,77.0,026
09/26/2019,08:02:13,224,230,039,50.0,77.0,026
09/26/2019,08:03:13,225,230,039,50.0,77.0,026
09/26/2019,08:04:14,225,229,038,49.0,77.0,027
09/26/2019,08:05:15,225,230,038,50.0,77.0,027
09/26/2019,08:06:15,225,229,038,50.0,77.0,027
09/26/2019,08:07:16,225,229,038,50.0,77.0,027
09/26/2019,08:08:16,225,230,039,50.0,77.0,027
09/26/2019,08:09:16,224,229,039,50.0,77.0,027
09/26/2019,08:10:17,224,229,039,49.0,77.0,027
09/26/2019,08:11:17,222,230,039,50.0,77.0,027
09/26/2019,08:12:18,220,230,039,50.0,77.0,027
09/26/2019,08:13:19,222,230,039,50.0,77.0,027
09/26/2019,08:14:19,223,230,039,50.0,77.0,027
09/26/2019,08:15:20,222,229,038,49.0,77.0,027
09/26/2019,08:16:20,222,230,038,49.0,77.0,027
09/26/2019,08:17:21,222,230,039,50.0,77.0,027
09/26/2019,08:18:21,223,230,038,50.0,77.0,027
09/26/2019,08:19:21,222,230,038,49.0,77.0,027
09/26/2019,08:20:22,221,230,038,49.0,77.0,027
09/26/2019,08:21:23,220,229,039,49.0,77.0,027
09/26/2019,08:22:23,220,230,039,49.0,77.0,027
09/26/2019,08:23:24,222,229,039,50.0,77.0,027
09/26/2019,08:24:24,221,230,039,49.0,77.0,027
09/26/2019,08:25:25,222,230,039,49.0,77.0,027
09/26/2019,08:26:25,224,229,040,49.0,77.0,027
09/26/2019,08:27:25,224,230,039,50.0,77.0,027
09/26/2019,08:28:26,223,229,039,49.0,77.0,027
